10
Q5S1P9     0.000000 0.353728 0.416350 0.324706 0.247265 0.403101 0.640845 0.385633 0.379545 0.525499
A7WNT9     0.353728 0.000000 0.300191 0.315294 0.310722 0.439922 0.678404 0.355641 0.388636 0.487805
G2Q665     0.416350 0.300191 0.000000 0.310588 0.350109 0.455426 0.692488 0.439163 0.418182 0.452328
G2QXZ9     0.324706 0.315294 0.310588 0.000000 0.312941 0.451765 0.694118 0.362353 0.423529 0.437647
A7WNU2     0.247265 0.310722 0.350109 0.312941 0.000000 0.389497 0.650235 0.299781 0.345455 0.496674
P13860     0.403101 0.439922 0.455426 0.451765 0.389497 0.000000 0.647887 0.463178 0.370455 0.598670
D2DRB6     0.640845 0.678404 0.692488 0.694118 0.650235 0.647887 0.000000 0.664319 0.654930 0.744131
A0A088T0J9 0.385633 0.355641 0.439163 0.362353 0.299781 0.463178 0.664319 0.000000 0.411364 0.536585
I1SB08     0.379545 0.388636 0.418182 0.423529 0.345455 0.370455 0.654930 0.411364 0.000000 0.529545
A3F8V2     0.525499 0.487805 0.452328 0.437647 0.496674 0.598670 0.744131 0.536585 0.529545 0.000000
