55
H5T9W5     0.000000 0.819588 0.502392 0.710526 0.533632 0.509434 0.719298 0.683486 0.570776 0.528037 0.523810 0.400901 0.515625 0.681159 0.504762 0.835681 0.716418 0.682692 0.821596 0.666667 0.836842 0.804233 0.739130 0.725000 0.736585 0.807512 0.678392 0.688442 0.698020 0.832558 0.848780 0.705584 0.689320 0.700000 0.733333 0.814655 0.700508 0.845361 0.724138 0.729064 0.872340 0.817352 0.695652 0.748815 0.850962 0.680952 0.804233 0.751220 0.825397 0.831897 0.741463 0.703518 0.678392 0.842857 0.812207
A0A1K9YUZ8 0.819588 0.000000 0.835052 0.819588 0.804124 0.824742 0.804124 0.845361 0.804124 0.829897 0.798969 0.829897 0.854167 0.814433 0.819588 0.850515 0.829897 0.845361 0.840206 0.809278 0.836842 0.841270 0.845361 0.840206 0.824742 0.896907 0.778351 0.819588 0.798969 0.840206 0.876289 0.829897 0.829897 0.845361 0.840206 0.845361 0.824742 0.835052 0.865979 0.876289 0.803191 0.798969 0.829897 0.798969 0.855670 0.835052 0.820106 0.762887 0.830688 0.788660 0.778351 0.819588 0.840206 0.860825 0.850515
Q6LSW5     0.502392 0.835052 0.000000 0.679426 0.440191 0.497608 0.688995 0.679426 0.578947 0.430622 0.444976 0.507177 0.526042 0.652174 0.301435 0.846890 0.736318 0.711538 0.851675 0.707071 0.810526 0.809524 0.768116 0.710000 0.760976 0.851675 0.723618 0.693467 0.688119 0.861244 0.853659 0.695431 0.694175 0.720000 0.688995 0.837321 0.690355 0.835052 0.688995 0.753695 0.824468 0.846890 0.695652 0.755981 0.865385 0.693780 0.804233 0.736585 0.825397 0.779904 0.736585 0.733668 0.673367 0.851675 0.842105
A0A0F5Q2C4 0.710526 0.819588 0.679426 0.000000 0.704036 0.712264 0.679825 0.619266 0.721461 0.714953 0.719048 0.716216 0.729167 0.657005 0.704762 0.830986 0.711443 0.716346 0.835681 0.661616 0.794737 0.798942 0.710145 0.710000 0.702439 0.859155 0.708543 0.703518 0.678218 0.841860 0.858537 0.664975 0.601942 0.740000 0.676190 0.807018 0.664975 0.783505 0.697368 0.733990 0.803191 0.803653 0.642512 0.734597 0.870192 0.638095 0.804233 0.707317 0.798942 0.807018 0.702439 0.698492 0.728643 0.847619 0.854460
A1STW8     0.533632 0.804124 0.440191 0.704036 0.000000 0.537736 0.708520 0.706422 0.616438 0.471963 0.452381 0.558559 0.552083 0.661836 0.447619 0.826291 0.721393 0.716346 0.826291 0.722222 0.778947 0.820106 0.743961 0.735000 0.741463 0.840376 0.723618 0.698492 0.702970 0.851163 0.843902 0.720812 0.674757 0.710000 0.695238 0.798206 0.710660 0.829897 0.699552 0.753695 0.792553 0.831050 0.671498 0.758294 0.865385 0.680952 0.788360 0.751220 0.841270 0.771300 0.726829 0.733668 0.668342 0.852381 0.835681
Q482J5     0.509434 0.824742 0.497608 0.712264 0.537736 0.000000 0.669811 0.665094 0.537736 0.471698 0.519048 0.509434 0.052083 0.637681 0.466667 0.792453 0.711443 0.682692 0.816038 0.691919 0.821053 0.820106 0.753623 0.700000 0.726829 0.801887 0.673367 0.708543 0.707921 0.816038 0.863415 0.700508 0.699029 0.710000 0.680952 0.792453 0.695431 0.809278 0.679245 0.733990 0.829787 0.797170 0.690821 0.758294 0.836538 0.680952 0.798942 0.746341 0.830688 0.759434 0.726829 0.703518 0.668342 0.833333 0.801887
A0A0M4U709 0.719298 0.804124 0.688995 0.679825 0.708520 0.669811 0.000000 0.605505 0.726027 0.700935 0.676190 0.711712 0.697917 0.729469 0.690476 0.840376 0.711443 0.682692 0.840376 0.686869 0.784211 0.846561 0.714976 0.690000 0.702439 0.835681 0.713568 0.738693 0.702970 0.846512 0.824390 0.705584 0.631068 0.730000 0.666667 0.811404 0.695431 0.783505 0.675439 0.724138 0.808511 0.799087 0.676329 0.739336 0.836538 0.657143 0.793651 0.751220 0.809524 0.767544 0.731707 0.703518 0.693467 0.823810 0.835681
A0A154L9H0 0.683486 0.845361 0.679426 0.619266 0.706422 0.665094 0.605505 0.000000 0.706422 0.696262 0.719048 0.692661 0.692708 0.652174 0.680952 0.835681 0.676617 0.629808 0.816901 0.606061 0.800000 0.809524 0.652174 0.630000 0.668293 0.826291 0.638191 0.673367 0.653465 0.809302 0.839024 0.634518 0.543689 0.725000 0.661905 0.807339 0.634518 0.814433 0.619266 0.674877 0.813830 0.807339 0.647343 0.710900 0.831731 0.600000 0.804233 0.717073 0.804233 0.770642 0.702439 0.658291 0.643216 0.847619 0.826291
A0A1I1P7G1 0.570776 0.804124 0.578947 0.721461 0.616438 0.537736 0.726027 0.706422 0.000000 0.556075 0.561905 0.575342 0.526042 0.676329 0.509524 0.863850 0.691542 0.721154 0.873239 0.707071 0.815789 0.841270 0.743961 0.735000 0.736585 0.887324 0.708543 0.703518 0.727723 0.874419 0.873171 0.720812 0.679612 0.715000 0.690476 0.812785 0.720812 0.819588 0.707763 0.753695 0.813830 0.840183 0.710145 0.767773 0.879808 0.661905 0.846561 0.765854 0.814815 0.776256 0.751220 0.703518 0.683417 0.861905 0.882629
A0A090IIY1 0.528037 0.829897 0.430622 0.714953 0.471963 0.471698 0.700935 0.696262 0.556075 0.000000 0.480952 0.532710 0.473958 0.700483 0.409524 0.840376 0.726368 0.716346 0.826291 0.686869 0.810526 0.793651 0.768116 0.720000 0.756098 0.840376 0.738693 0.673367 0.688119 0.827103 0.839024 0.730964 0.665049 0.675000 0.661905 0.794393 0.720812 0.829897 0.677570 0.773399 0.792553 0.841121 0.642512 0.772512 0.850962 0.680952 0.804233 0.765854 0.804233 0.803738 0.756098 0.733668 0.678392 0.842857 0.835681
D4ZLJ4     0.523810 0.798969 0.444976 0.719048 0.452381 0.519048 0.676190 0.719048 0.561905 0.480952 0.000000 0.528571 0.546875 0.666667 0.409524 0.814286 0.756219 0.706731 0.823810 0.686869 0.805263 0.804233 0.777778 0.680000 0.751220 0.814286 0.733668 0.673367 0.702970 0.814286 0.839024 0.705584 0.674757 0.690000 0.695238 0.800000 0.715736 0.829897 0.690476 0.768473 0.835106 0.842857 0.695652 0.742857 0.836538 0.690476 0.809524 0.746341 0.809524 0.785714 0.726829 0.728643 0.688442 0.847619 0.809524
K7A0E8     0.400901 0.829897 0.507177 0.716216 0.558559 0.509434 0.711712 0.692661 0.575342 0.532710 0.528571 0.000000 0.520833 0.671498 0.533333 0.840376 0.706468 0.721154 0.845070 0.696970 0.805263 0.830688 0.758454 0.750000 0.741463 0.849765 0.688442 0.698492 0.707921 0.851163 0.839024 0.715736 0.679612 0.690000 0.714286 0.819820 0.710660 0.840206 0.689189 0.743842 0.813830 0.826484 0.690821 0.748815 0.841346 0.676190 0.798942 0.731707 0.830688 0.792793 0.736585 0.708543 0.678392 0.833333 0.849765
A0A1Y5EVE3 0.515625 0.854167 0.526042 0.729167 0.552083 0.052083 0.697917 0.692708 0.526042 0.473958 0.546875 0.520833 0.000000 0.651042 0.484375 0.812500 0.734375 0.723958 0.833333 0.739583 0.836842 0.830688 0.781250 0.734375 0.744792 0.822917 0.703125 0.723958 0.734375 0.822917 0.869792 0.744792 0.729167 0.739583 0.713542 0.812500 0.739583 0.817708 0.697917 0.760417 0.829787 0.817708 0.718750 0.796875 0.864583 0.692708 0.857143 0.786458 0.830688 0.770833 0.770833 0.723958 0.708333 0.854167 0.817708
A0A1I1Q669 0.681159 0.814433 0.652174 0.657005 0.661836 0.637681 0.729469 0.652174 0.676329 0.700483 0.666667 0.671498 0.651042 0.000000 0.647343 0.830918 0.696517 0.700483 0.840580 0.676768 0.805263 0.809524 0.719807 0.710000 0.717073 0.840580 0.698492 0.683417 0.693069 0.835749 0.834146 0.675127 0.660194 0.680000 0.666667 0.821256 0.690355 0.798969 0.690821 0.719212 0.845745 0.801932 0.666667 0.719807 0.845411 0.681159 0.820106 0.731707 0.804233 0.739130 0.717073 0.673367 0.693467 0.840580 0.830918
A0A090IRF2 0.504762 0.819588 0.301435 0.704762 0.447619 0.466667 0.690476 0.680952 0.509524 0.409524 0.409524 0.533333 0.484375 0.647343 0.000000 0.861905 0.731343 0.692308 0.852381 0.696970 0.805263 0.809524 0.753623 0.695000 0.721951 0.847619 0.733668 0.663317 0.673267 0.871429 0.819512 0.705584 0.660194 0.715000 0.690476 0.809524 0.710660 0.824742 0.671429 0.768473 0.835106 0.833333 0.666667 0.742857 0.846154 0.657143 0.788360 0.736585 0.825397 0.785714 0.731707 0.723618 0.643216 0.857143 0.838095
Q970Q8     0.835681 0.850515 0.846890 0.830986 0.826291 0.792453 0.840376 0.835681 0.863850 0.840376 0.814286 0.840376 0.812500 0.830918 0.861905 0.000000 0.756219 0.783654 0.286385 0.792929 0.757895 0.724868 0.806763 0.800000 0.790244 0.239437 0.793970 0.768844 0.792079 0.211268 0.751220 0.776650 0.800971 0.805000 0.819048 0.755869 0.786802 0.757732 0.830986 0.788177 0.750000 0.774648 0.758454 0.772512 0.725962 0.819048 0.777778 0.770732 0.724868 0.741784 0.756098 0.748744 0.788945 0.742857 0.253521
A0A285P0J2 0.716418 0.829897 0.736318 0.711443 0.721393 0.711443 0.711443 0.676617 0.691542 0.726368 0.756219 0.706468 0.734375 0.696517 0.731343 0.756219 0.000000 0.671642 0.756219 0.651515 0.778947 0.703704 0.631841 0.720000 0.646766 0.751244 0.412060 0.628141 0.651741 0.766169 0.805970 0.619289 0.631841 0.715000 0.651741 0.716418 0.624365 0.716495 0.671642 0.422886 0.728723 0.746269 0.646766 0.696517 0.830846 0.666667 0.756614 0.696517 0.751323 0.686567 0.691542 0.231156 0.658291 0.815920 0.751244
B9MNV9     0.682692 0.845361 0.711538 0.716346 0.716346 0.682692 0.682692 0.629808 0.721154 0.716346 0.706731 0.721154 0.723958 0.700483 0.692308 0.783654 0.671642 0.000000 0.793269 0.671717 0.742105 0.783069 0.632850 0.705000 0.629268 0.807692 0.668342 0.658291 0.698020 0.798077 0.765854 0.654822 0.655340 0.675000 0.572115 0.711538 0.670051 0.783505 0.663462 0.640394 0.723404 0.725962 0.661836 0.716346 0.793269 0.653846 0.777778 0.721951 0.756614 0.750000 0.712195 0.678392 0.668342 0.798077 0.802885
M1J7Z2     0.821596 0.840206 0.851675 0.835681 0.826291 0.816038 0.840376 0.816901 0.873239 0.826291 0.823810 0.845070 0.833333 0.840580 0.852381 0.286385 0.756219 0.793269 0.000000 0.803030 0.763158 0.724868 0.801932 0.785000 0.804878 0.347418 0.793970 0.788945 0.772277 0.248826 0.741463 0.751269 0.786408 0.800000 0.809524 0.798122 0.771574 0.773196 0.812207 0.798030 0.739362 0.760563 0.743961 0.758294 0.721154 0.785714 0.767196 0.770732 0.746032 0.746479 0.770732 0.733668 0.778894 0.757143 0.361502
F6DE95     0.666667 0.809278 0.707071 0.661616 0.722222 0.691919 0.686869 0.606061 0.707071 0.686869 0.686869 0.696970 0.739583 0.676768 0.696970 0.792929 0.651515 0.671717 0.803030 0.000000 0.752632 0.746032 0.580808 0.409091 0.565657 0.782828 0.616162 0.671717 0.595960 0.813131 0.828283 0.593909 0.585859 0.636364 0.626263 0.747475 0.588832 0.798969 0.525253 0.676768 0.744681 0.777778 0.595960 0.636364 0.843434 0.535354 0.740741 0.641414 0.756614 0.651515 0.626263 0.626263 0.641414 0.818182 0.782828
Q975E6     0.836842 0.836842 0.810526 0.794737 0.778947 0.821053 0.784211 0.800000 0.815789 0.810526 0.805263 0.805263 0.836842 0.805263 0.805263 0.757895 0.778947 0.742105 0.763158 0.752632 0.000000 0.523810 0.747368 0.710526 0.747368 0.800000 0.773684 0.736842 0.747368 0.784211 0.752632 0.710526 0.784211 0.736842 0.757895 0.705263 0.705263 0.510526 0.768421 0.747368 0.632979 0.705263 0.731579 0.689474 0.784211 0.752632 0.513228 0.684211 0.539683 0.647368 0.663158 0.763158 0.763158 0.842105 0.800000
M9U972     0.804233 0.841270 0.809524 0.798942 0.820106 0.820106 0.846561 0.809524 0.841270 0.793651 0.804233 0.830688 0.830688 0.809524 0.809524 0.724868 0.703704 0.783069 0.724868 0.746032 0.523810 0.000000 0.703704 0.740741 0.708995 0.730159 0.746032 0.735450 0.751323 0.698413 0.788360 0.724868 0.783069 0.730159 0.751323 0.703704 0.751323 0.507937 0.793651 0.724868 0.632979 0.746032 0.767196 0.708995 0.814815 0.804233 0.529101 0.677249 0.486772 0.666667 0.682540 0.693122 0.788360 0.814815 0.740741
B8DZY5     0.739130 0.845361 0.768116 0.710145 0.743961 0.753623 0.714976 0.652174 0.743961 0.768116 0.777778 0.758454 0.781250 0.719807 0.753623 0.806763 0.631841 0.632850 0.801932 0.580808 0.747368 0.703704 0.000000 0.620000 0.219512 0.782609 0.653266 0.628141 0.668317 0.787440 0.824390 0.548223 0.572816 0.660000 0.613527 0.763285 0.543147 0.768041 0.666667 0.699507 0.702128 0.748792 0.565217 0.685990 0.797101 0.666667 0.761905 0.712195 0.740741 0.763285 0.707317 0.618090 0.648241 0.826087 0.772947
A0A0A2WVW6 0.725000 0.840206 0.710000 0.710000 0.735000 0.700000 0.690000 0.630000 0.735000 0.720000 0.680000 0.750000 0.734375 0.710000 0.695000 0.800000 0.720000 0.705000 0.785000 0.409091 0.710526 0.740741 0.620000 0.000000 0.600000 0.790000 0.703518 0.728643 0.685000 0.795000 0.825000 0.624365 0.620000 0.695000 0.660000 0.765000 0.624365 0.778351 0.630000 0.760000 0.718085 0.785000 0.635000 0.670000 0.840000 0.585000 0.751323 0.680000 0.761905 0.700000 0.670000 0.713568 0.728643 0.835000 0.795000
B5YD95     0.736585 0.824742 0.760976 0.702439 0.741463 0.726829 0.702439 0.668293 0.736585 0.756098 0.751220 0.741463 0.744792 0.717073 0.721951 0.790244 0.646766 0.629268 0.804878 0.565657 0.747368 0.708995 0.219512 0.600000 0.000000 0.785366 0.658291 0.618090 0.643564 0.785366 0.829268 0.527919 0.560976 0.665000 0.619512 0.741463 0.507614 0.742268 0.648780 0.694581 0.686170 0.756098 0.565854 0.721951 0.809756 0.629268 0.756614 0.736585 0.719577 0.741463 0.717073 0.613065 0.633166 0.819512 0.790244
D2PFX3     0.807512 0.896907 0.851675 0.859155 0.840376 0.801887 0.835681 0.826291 0.887324 0.840376 0.814286 0.849765 0.822917 0.840580 0.847619 0.239437 0.751244 0.807692 0.347418 0.782828 0.800000 0.730159 0.782609 0.790000 0.785366 0.000000 0.793970 0.763819 0.787129 0.230047 0.751220 0.771574 0.810680 0.810000 0.819048 0.802817 0.781726 0.778351 0.816901 0.798030 0.750000 0.788732 0.748792 0.758294 0.745192 0.828571 0.814815 0.790244 0.751323 0.774648 0.775610 0.733668 0.788945 0.742857 0.075117
D3SM76     0.678392 0.778351 0.723618 0.708543 0.723618 0.673367 0.713568 0.638191 0.708543 0.738693 0.733668 0.688442 0.703125 0.698492 0.733668 0.793970 0.412060 0.668342 0.793970 0.616162 0.773684 0.746032 0.653266 0.703518 0.658291 0.793970 0.000000 0.653266 0.628141 0.809045 0.793970 0.573604 0.597990 0.693467 0.643216 0.753769 0.583756 0.737113 0.633166 0.407035 0.744681 0.738693 0.658291 0.703518 0.814070 0.623116 0.730159 0.708543 0.724868 0.673367 0.693467 0.402010 0.633166 0.798995 0.798995
A6LLI7     0.688442 0.819588 0.693467 0.703518 0.698492 0.708543 0.738693 0.673367 0.703518 0.673367 0.673367 0.698492 0.723958 0.683417 0.663317 0.768844 0.628141 0.658291 0.788945 0.671717 0.736842 0.735450 0.628141 0.728643 0.618090 0.763819 0.653266 0.000000 0.603015 0.814070 0.778894 0.527919 0.592965 0.613065 0.658291 0.743719 0.543147 0.747423 0.623116 0.653266 0.771277 0.743719 0.587940 0.713568 0.783920 0.668342 0.751323 0.693467 0.735450 0.718593 0.698492 0.608040 0.432161 0.804020 0.758794
C9RA68     0.698020 0.798969 0.688119 0.678218 0.702970 0.707921 0.702970 0.653465 0.727723 0.688119 0.702970 0.707921 0.734375 0.693069 0.673267 0.792079 0.651741 0.698020 0.772277 0.595960 0.747368 0.751323 0.668317 0.685000 0.643564 0.787129 0.628141 0.603015 0.000000 0.792079 0.801980 0.553299 0.584158 0.685000 0.618812 0.742574 0.568528 0.726804 0.608911 0.688119 0.734043 0.782178 0.653465 0.643564 0.836634 0.603960 0.719577 0.653465 0.767196 0.628713 0.648515 0.623116 0.597990 0.797030 0.792079
F4B653     0.832558 0.840206 0.861244 0.841860 0.851163 0.816038 0.846512 0.809302 0.874419 0.827103 0.814286 0.851163 0.822917 0.835749 0.871429 0.211268 0.766169 0.798077 0.248826 0.813131 0.784211 0.698413 0.787440 0.795000 0.785366 0.230047 0.809045 0.814070 0.792079 0.000000 0.760976 0.761421 0.786408 0.825000 0.828571 0.790698 0.781726 0.783505 0.837209 0.802956 0.750000 0.772093 0.763285 0.758294 0.740385 0.814286 0.793651 0.775610 0.735450 0.767442 0.770732 0.733668 0.778894 0.752381 0.262911
F4B652     0.848780 0.876289 0.853659 0.858537 0.843902 0.863415 0.824390 0.839024 0.873171 0.839024 0.839024 0.839024 0.869792 0.834146 0.819512 0.751220 0.805970 0.765854 0.741463 0.828283 0.752632 0.788360 0.824390 0.825000 0.829268 0.751220 0.793970 0.778894 0.801980 0.760976 0.000000 0.791878 0.804878 0.820000 0.824390 0.814634 0.791878 0.788660 0.848780 0.817734 0.829787 0.800000 0.790244 0.800000 0.297561 0.819512 0.783069 0.790244 0.767196 0.809756 0.785366 0.793970 0.778894 0.443902 0.741463
A5IN77     0.705584 0.829897 0.695431 0.664975 0.720812 0.700508 0.705584 0.634518 0.720812 0.730964 0.705584 0.715736 0.744792 0.675127 0.705584 0.776650 0.619289 0.654822 0.751269 0.593909 0.710526 0.724868 0.548223 0.624365 0.527919 0.771574 0.573604 0.527919 0.553299 0.761421 0.791878 0.000000 0.543147 0.675127 0.629442 0.736041 0.076142 0.757732 0.604061 0.624365 0.686170 0.746193 0.588832 0.680203 0.812183 0.629442 0.724868 0.675127 0.756614 0.675127 0.654822 0.609137 0.527919 0.786802 0.761421
E8T4X2     0.689320 0.829897 0.694175 0.601942 0.674757 0.699029 0.631068 0.543689 0.679612 0.665049 0.674757 0.679612 0.729167 0.660194 0.660194 0.800971 0.631841 0.655340 0.786408 0.585859 0.784211 0.783069 0.572816 0.620000 0.560976 0.810680 0.597990 0.592965 0.584158 0.786408 0.804878 0.543147 0.000000 0.625000 0.601942 0.805825 0.538071 0.742268 0.553398 0.640394 0.771277 0.800971 0.475728 0.660194 0.815534 0.563107 0.714286 0.648780 0.746032 0.703883 0.634146 0.608040 0.587940 0.800971 0.820388
A0A0S3QW69 0.700000 0.845361 0.720000 0.740000 0.710000 0.710000 0.730000 0.725000 0.715000 0.675000 0.690000 0.690000 0.739583 0.680000 0.715000 0.805000 0.715000 0.675000 0.800000 0.636364 0.736842 0.730159 0.660000 0.695000 0.665000 0.810000 0.693467 0.613065 0.685000 0.825000 0.820000 0.675127 0.625000 0.000000 0.635000 0.745000 0.654822 0.773196 0.660000 0.700000 0.750000 0.755000 0.590000 0.720000 0.800000 0.670000 0.735450 0.710000 0.746032 0.700000 0.705000 0.693467 0.658291 0.810000 0.815000
A0A140L740 0.733333 0.840206 0.688995 0.676190 0.695238 0.680952 0.666667 0.661905 0.690476 0.661905 0.695238 0.714286 0.713542 0.666667 0.690476 0.819048 0.651741 0.572115 0.809524 0.626263 0.757895 0.751323 0.613527 0.660000 0.619512 0.819048 0.643216 0.658291 0.618812 0.828571 0.824390 0.629442 0.601942 0.635000 0.000000 0.723810 0.629442 0.798969 0.576190 0.689655 0.787234 0.757143 0.584541 0.695238 0.846154 0.623810 0.783069 0.678049 0.777778 0.657143 0.653659 0.653266 0.673367 0.795238 0.819048
I0A2G6     0.814655 0.845361 0.837321 0.807018 0.798206 0.792453 0.811404 0.807339 0.812785 0.794393 0.800000 0.819820 0.812500 0.821256 0.809524 0.755869 0.716418 0.711538 0.798122 0.747475 0.705263 0.703704 0.763285 0.765000 0.741463 0.802817 0.753769 0.743719 0.742574 0.790698 0.814634 0.736041 0.805825 0.745000 0.723810 0.000000 0.736041 0.742268 0.806723 0.748768 0.734043 0.753425 0.705314 0.748815 0.841346 0.800000 0.687831 0.731707 0.708995 0.698347 0.721951 0.728643 0.768844 0.833333 0.807512
G4FEP9     0.700508 0.824742 0.690355 0.664975 0.710660 0.695431 0.695431 0.634518 0.720812 0.720812 0.715736 0.710660 0.739583 0.690355 0.710660 0.786802 0.624365 0.670051 0.771574 0.588832 0.705263 0.751323 0.543147 0.624365 0.507614 0.781726 0.583756 0.543147 0.568528 0.781726 0.791878 0.076142 0.538071 0.654822 0.629442 0.736041 0.000000 0.762887 0.598985 0.629442 0.680851 0.730964 0.553299 0.700508 0.817259 0.624365 0.714286 0.690355 0.761905 0.680203 0.670051 0.614213 0.538071 0.786802 0.781726
V9S8C6     0.845361 0.835052 0.835052 0.783505 0.829897 0.809278 0.783505 0.814433 0.819588 0.829897 0.829897 0.840206 0.817708 0.798969 0.824742 0.757732 0.716495 0.783505 0.773196 0.798969 0.510526 0.507937 0.768041 0.778351 0.742268 0.778351 0.737113 0.747423 0.726804 0.783505 0.788660 0.757732 0.742268 0.773196 0.798969 0.742268 0.762887 0.000000 0.783505 0.726804 0.659574 0.664948 0.788660 0.675258 0.814433 0.768041 0.560847 0.654639 0.497354 0.726804 0.664948 0.742268 0.793814 0.798969 0.793814
E6SL01     0.724138 0.865979 0.688995 0.697368 0.699552 0.679245 0.675439 0.619266 0.707763 0.677570 0.690476 0.689189 0.697917 0.690821 0.671429 0.830986 0.671642 0.663462 0.812207 0.525253 0.768421 0.793651 0.666667 0.630000 0.648780 0.816901 0.633166 0.623116 0.608911 0.837209 0.848780 0.604061 0.553398 0.660000 0.576190 0.806723 0.598985 0.783505 0.000000 0.684729 0.803191 0.817352 0.637681 0.706161 0.855769 0.576190 0.793651 0.707317 0.798942 0.735294 0.697561 0.643216 0.597990 0.838095 0.812207
A0A1M6S4E3 0.729064 0.876289 0.753695 0.733990 0.753695 0.733990 0.724138 0.674877 0.753695 0.773399 0.768473 0.743842 0.760417 0.719212 0.768473 0.788177 0.422886 0.640394 0.798030 0.676768 0.747368 0.724868 0.699507 0.760000 0.694581 0.798030 0.407035 0.653266 0.688119 0.802956 0.817734 0.624365 0.640394 0.700000 0.689655 0.748768 0.629442 0.726804 0.684729 0.000000 0.787234 0.783251 0.655172 0.748768 0.827586 0.694581 0.724868 0.758621 0.719577 0.733990 0.753695 0.391960 0.663317 0.812808 0.822660
Q57741     0.872340 0.803191 0.824468 0.803191 0.792553 0.829787 0.808511 0.813830 0.813830 0.792553 0.835106 0.813830 0.829787 0.845745 0.835106 0.750000 0.728723 0.723404 0.739362 0.744681 0.632979 0.632979 0.702128 0.718085 0.686170 0.750000 0.744681 0.771277 0.734043 0.750000 0.829787 0.686170 0.771277 0.750000 0.787234 0.734043 0.680851 0.659574 0.803191 0.787234 0.000000 0.702128 0.696809 0.670213 0.845745 0.755319 0.707447 0.654255 0.643617 0.707447 0.654255 0.734043 0.776596 0.845745 0.771277
L0ABR7     0.817352 0.798969 0.846890 0.803653 0.831050 0.797170 0.799087 0.807339 0.840183 0.841121 0.842857 0.826484 0.817708 0.801932 0.833333 0.774648 0.746269 0.725962 0.760563 0.777778 0.705263 0.746032 0.748792 0.785000 0.756098 0.788732 0.738693 0.743719 0.782178 0.772093 0.800000 0.746193 0.800971 0.755000 0.757143 0.753425 0.730964 0.664948 0.817352 0.783251 0.702128 0.000000 0.748792 0.725118 0.802885 0.804762 0.714286 0.692683 0.703704 0.726027 0.687805 0.728643 0.798995 0.804762 0.793427
A0A285NAX4 0.695652 0.829897 0.695652 0.642512 0.671498 0.690821 0.676329 0.647343 0.710145 0.642512 0.695652 0.690821 0.718750 0.666667 0.666667 0.758454 0.646766 0.661836 0.743961 0.595960 0.731579 0.767196 0.565217 0.635000 0.565854 0.748792 0.658291 0.587940 0.653465 0.763285 0.790244 0.588832 0.475728 0.590000 0.584541 0.705314 0.553299 0.788660 0.637681 0.655172 0.696809 0.748792 0.000000 0.676329 0.821256 0.613527 0.756614 0.697561 0.751323 0.729469 0.687805 0.613065 0.608040 0.821256 0.763285
A0A075LWM5 0.748815 0.798969 0.755981 0.734597 0.758294 0.758294 0.739336 0.710900 0.767773 0.772512 0.742857 0.748815 0.796875 0.719807 0.742857 0.772512 0.696517 0.716346 0.758294 0.636364 0.689474 0.708995 0.685990 0.670000 0.721951 0.758294 0.703518 0.713568 0.643564 0.758294 0.800000 0.680203 0.660194 0.720000 0.695238 0.748815 0.700508 0.675258 0.706161 0.748768 0.670213 0.725118 0.676329 0.000000 0.802885 0.652381 0.682540 0.131707 0.661376 0.677725 0.131707 0.708543 0.693467 0.780952 0.767773
Q97YW0     0.850962 0.855670 0.865385 0.870192 0.865385 0.836538 0.836538 0.831731 0.879808 0.850962 0.836538 0.841346 0.864583 0.845411 0.846154 0.725962 0.830846 0.793269 0.721154 0.843434 0.784211 0.814815 0.797101 0.840000 0.809756 0.745192 0.814070 0.783920 0.836634 0.740385 0.297561 0.812183 0.815534 0.800000 0.846154 0.841346 0.817259 0.814433 0.855769 0.827586 0.845745 0.802885 0.821256 0.802885 0.000000 0.841346 0.814815 0.800000 0.798942 0.831731 0.804878 0.814070 0.824121 0.442308 0.730769
B9KXL4     0.680952 0.835052 0.693780 0.638095 0.680952 0.680952 0.657143 0.600000 0.661905 0.680952 0.690476 0.676190 0.692708 0.681159 0.657143 0.819048 0.666667 0.653846 0.785714 0.535354 0.752632 0.804233 0.666667 0.585000 0.629268 0.828571 0.623116 0.668342 0.603960 0.814286 0.819512 0.629442 0.563107 0.670000 0.623810 0.800000 0.624365 0.768041 0.576190 0.694581 0.755319 0.804762 0.613527 0.652381 0.841346 0.000000 0.730159 0.653659 0.793651 0.733333 0.648780 0.638191 0.673367 0.842857 0.828571
H2C936     0.804233 0.820106 0.804233 0.804233 0.788360 0.798942 0.793651 0.804233 0.846561 0.804233 0.809524 0.798942 0.857143 0.820106 0.788360 0.777778 0.756614 0.777778 0.767196 0.740741 0.513228 0.529101 0.761905 0.751323 0.756614 0.814815 0.730159 0.751323 0.719577 0.793651 0.783069 0.724868 0.714286 0.735450 0.783069 0.687831 0.714286 0.560847 0.793651 0.724868 0.707447 0.714286 0.756614 0.682540 0.814815 0.730159 0.000000 0.656085 0.571429 0.682540 0.661376 0.756614 0.788360 0.798942 0.825397
A0A100XVS0 0.751220 0.762887 0.736585 0.707317 0.751220 0.746341 0.751220 0.717073 0.765854 0.765854 0.746341 0.731707 0.786458 0.731707 0.736585 0.770732 0.696517 0.721951 0.770732 0.641414 0.684211 0.677249 0.712195 0.680000 0.736585 0.790244 0.708543 0.693467 0.653465 0.775610 0.790244 0.675127 0.648780 0.710000 0.678049 0.731707 0.690355 0.654639 0.707317 0.758621 0.654255 0.692683 0.697561 0.131707 0.800000 0.653659 0.656085 0.000000 0.661376 0.648780 0.053659 0.728643 0.698492 0.780488 0.790244
F4B6K9     0.825397 0.830688 0.825397 0.798942 0.841270 0.830688 0.809524 0.804233 0.814815 0.804233 0.809524 0.830688 0.830688 0.804233 0.825397 0.724868 0.751323 0.756614 0.746032 0.756614 0.539683 0.486772 0.740741 0.761905 0.719577 0.751323 0.724868 0.735450 0.767196 0.735450 0.767196 0.756614 0.746032 0.746032 0.777778 0.708995 0.761905 0.497354 0.798942 0.719577 0.643617 0.703704 0.751323 0.661376 0.798942 0.793651 0.571429 0.661376 0.000000 0.698413 0.656085 0.740741 0.788360 0.793651 0.761905
S6A5T4     0.831897 0.788660 0.779904 0.807018 0.771300 0.759434 0.767544 0.770642 0.776256 0.803738 0.785714 0.792793 0.770833 0.739130 0.785714 0.741784 0.686567 0.750000 0.746479 0.651515 0.647368 0.666667 0.763285 0.700000 0.741463 0.774648 0.673367 0.718593 0.628713 0.767442 0.809756 0.675127 0.703883 0.700000 0.657143 0.698347 0.680203 0.726804 0.735294 0.733990 0.707447 0.726027 0.729469 0.677725 0.831731 0.733333 0.682540 0.648780 0.698413 0.000000 0.634146 0.683417 0.738693 0.800000 0.755869
I3ZSE3     0.741463 0.778351 0.736585 0.702439 0.726829 0.726829 0.731707 0.702439 0.751220 0.756098 0.726829 0.736585 0.770833 0.717073 0.731707 0.756098 0.691542 0.712195 0.770732 0.626263 0.663158 0.682540 0.707317 0.670000 0.717073 0.775610 0.693467 0.698492 0.648515 0.770732 0.785366 0.654822 0.634146 0.705000 0.653659 0.721951 0.670051 0.664948 0.697561 0.753695 0.654255 0.687805 0.687805 0.131707 0.804878 0.648780 0.661376 0.053659 0.656085 0.634146 0.000000 0.713568 0.688442 0.775610 0.775610
D3DJW7     0.703518 0.819588 0.733668 0.698492 0.733668 0.703518 0.703518 0.658291 0.703518 0.733668 0.728643 0.708543 0.723958 0.673367 0.723618 0.748744 0.231156 0.678392 0.733668 0.626263 0.763158 0.693122 0.618090 0.713568 0.613065 0.733668 0.402010 0.608040 0.623116 0.733668 0.793970 0.609137 0.608040 0.693467 0.653266 0.728643 0.614213 0.742268 0.643216 0.391960 0.734043 0.728643 0.613065 0.708543 0.814070 0.638191 0.756614 0.728643 0.740741 0.683417 0.713568 0.000000 0.618090 0.783920 0.748744
A0A1G8FQ48 0.678392 0.840206 0.673367 0.728643 0.668342 0.668342 0.693467 0.643216 0.683417 0.678392 0.688442 0.678392 0.708333 0.693467 0.643216 0.788945 0.658291 0.668342 0.778894 0.641414 0.763158 0.788360 0.648241 0.728643 0.633166 0.788945 0.633166 0.432161 0.597990 0.778894 0.778894 0.527919 0.587940 0.658291 0.673367 0.768844 0.538071 0.793814 0.597990 0.663317 0.776596 0.798995 0.608040 0.693467 0.824121 0.673367 0.788360 0.698492 0.788360 0.738693 0.688442 0.618090 0.000000 0.814070 0.788945
Q4J7B5     0.842857 0.860825 0.851675 0.847619 0.852381 0.833333 0.823810 0.847619 0.861905 0.842857 0.847619 0.833333 0.854167 0.840580 0.857143 0.742857 0.815920 0.798077 0.757143 0.818182 0.842105 0.814815 0.826087 0.835000 0.819512 0.742857 0.798995 0.804020 0.797030 0.752381 0.443902 0.786802 0.800971 0.810000 0.795238 0.833333 0.786802 0.798969 0.838095 0.812808 0.845745 0.804762 0.821256 0.780952 0.442308 0.842857 0.798942 0.780488 0.793651 0.800000 0.775610 0.783920 0.814070 0.000000 0.742857
P58157     0.812207 0.850515 0.842105 0.854460 0.835681 0.801887 0.835681 0.826291 0.882629 0.835681 0.809524 0.849765 0.817708 0.830918 0.838095 0.253521 0.751244 0.802885 0.361502 0.782828 0.800000 0.740741 0.772947 0.795000 0.790244 0.075117 0.798995 0.758794 0.792079 0.262911 0.741463 0.761421 0.820388 0.815000 0.819048 0.807512 0.781726 0.793814 0.812207 0.822660 0.771277 0.793427 0.763285 0.767773 0.730769 0.828571 0.825397 0.790244 0.761905 0.755869 0.775610 0.748744 0.788945 0.742857 0.000000
